0.000000000000000000e+00
9.990234375000000000e+01
1.998046875000000000e+02
2.997070312500000000e+02
3.996093750000000000e+02
4.995117187500000000e+02
5.994140625000000000e+02
6.993164062500000000e+02
7.992187500000000000e+02
8.991210937500000000e+02
9.990234375000000000e+02
1.098925781250000000e+03
1.198828125000000000e+03
1.298730468750000000e+03
1.398632812500000000e+03
1.498535156250000000e+03
1.598437500000000000e+03
1.698339843750000000e+03
1.798242187500000000e+03
1.898144531250000000e+03
1.998046875000000000e+03
2.097949218750000000e+03
2.197851562500000000e+03
2.297753906250000000e+03
2.397656250000000000e+03
2.497558593750000000e+03
2.597460937500000000e+03
2.697363281250000000e+03
2.797265625000000000e+03
2.897167968750000000e+03
2.997070312500000000e+03
3.096972656250000000e+03
3.196875000000000000e+03
3.296777343750000000e+03
3.396679687500000000e+03
3.496582031250000000e+03
3.596484375000000000e+03
3.696386718750000000e+03
3.796289062500000000e+03
3.896191406250000000e+03
3.996093750000000000e+03
4.095996093750000000e+03
4.195898437500000000e+03
4.295800781250000000e+03
4.395703125000000000e+03
4.495605468750000000e+03
4.595507812500000000e+03
4.695410156250000000e+03
4.795312500000000000e+03
4.895214843750000000e+03
4.995117187500000000e+03
5.095019531250000000e+03
5.194921875000000000e+03
5.294824218750000000e+03
5.394726562500000000e+03
5.494628906250000000e+03
5.594531250000000000e+03
5.694433593750000000e+03
5.794335937500000000e+03
5.894238281250000000e+03
5.994140625000000000e+03
6.094042968750000000e+03
6.193945312500000000e+03
6.293847656250000000e+03
6.393750000000000000e+03
6.493652343750000000e+03
6.593554687500000000e+03
6.693457031250000000e+03
6.793359375000000000e+03
6.893261718750000000e+03
6.993164062500000000e+03
7.093066406250000000e+03
7.192968750000000000e+03
7.292871093750000000e+03
7.392773437500000000e+03
7.492675781250000000e+03
7.592578125000000000e+03
7.692480468750000000e+03
7.792382812500000000e+03
7.892285156250000000e+03
7.992187500000000000e+03
8.092089843750000000e+03
8.191992187500000000e+03
8.291894531250000000e+03
8.391796875000000000e+03
8.491699218750000000e+03
8.591601562500000000e+03
8.691503906250000000e+03
8.791406250000000000e+03
8.891308593750000000e+03
8.991210937500000000e+03
9.091113281250000000e+03
9.191015625000000000e+03
9.290917968750000000e+03
9.390820312500000000e+03
9.490722656250000000e+03
9.590625000000000000e+03
9.690527343750000000e+03
9.790429687500000000e+03
9.890332031250000000e+03
9.990234375000000000e+03
1.009013671875000000e+04
1.019003906250000000e+04
1.028994140625000000e+04
1.038984375000000000e+04
1.048974609375000000e+04
1.058964843750000000e+04
1.068955078125000000e+04
1.078945312500000000e+04
1.088935546875000000e+04
1.098925781250000000e+04
1.108916015625000000e+04
1.118906250000000000e+04
1.128896484375000000e+04
1.138886718750000000e+04
1.148876953125000000e+04
1.158867187500000000e+04
1.168857421875000000e+04
1.178847656250000000e+04
1.188837890625000000e+04
1.198828125000000000e+04
1.208818359375000000e+04
1.218808593750000000e+04
1.228798828125000000e+04
1.238789062500000000e+04
1.248779296875000000e+04
1.258769531250000000e+04
1.268759765625000000e+04
1.278750000000000000e+04
1.288740234375000000e+04
1.298730468750000000e+04
1.308720703125000000e+04
1.318710937500000000e+04
1.328701171875000000e+04
1.338691406250000000e+04
1.348681640625000000e+04
1.358671875000000000e+04
1.368662109375000000e+04
1.378652343750000000e+04
1.388642578125000000e+04
1.398632812500000000e+04
1.408623046875000000e+04
1.418613281250000000e+04
1.428603515625000000e+04
1.438593750000000000e+04
1.448583984375000000e+04
1.458574218750000000e+04
1.468564453125000000e+04
1.478554687500000000e+04
1.488544921875000000e+04
1.498535156250000000e+04
1.508525390625000000e+04
1.518515625000000000e+04
1.528505859375000000e+04
1.538496093750000000e+04
1.548486328125000000e+04
1.558476562500000000e+04
1.568466796875000000e+04
1.578457031250000000e+04
1.588447265625000000e+04
1.598437500000000000e+04
1.608427734375000000e+04
1.618417968750000000e+04
1.628408203125000000e+04
1.638398437500000000e+04
1.648388671875000000e+04
1.658378906250000000e+04
1.668369140625000000e+04
1.678359375000000000e+04
1.688349609375000000e+04
1.698339843750000000e+04
1.708330078125000000e+04
1.718320312500000000e+04
1.728310546875000000e+04
1.738300781250000000e+04
1.748291015625000000e+04
1.758281250000000000e+04
1.768271484375000000e+04
1.778261718750000000e+04
1.788251953125000000e+04
1.798242187500000000e+04
1.808232421875000000e+04
1.818222656250000000e+04
1.828212890625000000e+04
1.838203125000000000e+04
1.848193359375000000e+04
1.858183593750000000e+04
1.868173828125000000e+04
1.878164062500000000e+04
1.888154296875000000e+04
1.898144531250000000e+04
1.908134765625000000e+04
1.918125000000000000e+04
1.928115234375000000e+04
1.938105468750000000e+04
1.948095703125000000e+04
1.958085937500000000e+04
1.968076171875000000e+04
1.978066406250000000e+04
1.988056640625000000e+04
1.998046875000000000e+04
2.008037109375000000e+04
2.018027343750000000e+04
2.028017578125000000e+04
2.038007812500000000e+04
2.047998046875000000e+04
2.057988281250000000e+04
2.067978515625000000e+04
2.077968750000000000e+04
2.087958984375000000e+04
2.097949218750000000e+04
2.107939453125000000e+04
2.117929687500000000e+04
2.127919921875000000e+04
2.137910156250000000e+04
2.147900390625000000e+04
2.157890625000000000e+04
2.167880859375000000e+04
2.177871093750000000e+04
2.187861328125000000e+04
2.197851562500000000e+04
2.207841796875000000e+04
2.217832031250000000e+04
2.227822265625000000e+04
2.237812500000000000e+04
2.247802734375000000e+04
2.257792968750000000e+04
2.267783203125000000e+04
2.277773437500000000e+04
2.287763671875000000e+04
2.297753906250000000e+04
2.307744140625000000e+04
2.317734375000000000e+04
2.327724609375000000e+04
2.337714843750000000e+04
2.347705078125000000e+04
2.357695312500000000e+04
2.367685546875000000e+04
2.377675781250000000e+04
2.387666015625000000e+04
2.397656250000000000e+04
2.407646484375000000e+04
2.417636718750000000e+04
2.427626953125000000e+04
2.437617187500000000e+04
2.447607421875000000e+04
2.457597656250000000e+04
2.467587890625000000e+04
2.477578125000000000e+04
2.487568359375000000e+04
2.497558593750000000e+04
2.507548828125000000e+04
2.517539062500000000e+04
2.527529296875000000e+04
2.537519531250000000e+04
2.547509765625000000e+04
2.557500000000000000e+04
2.567490234375000000e+04
2.577480468750000000e+04
2.587470703125000000e+04
2.597460937500000000e+04
2.607451171875000000e+04
2.617441406250000000e+04
2.627431640625000000e+04
2.637421875000000000e+04
2.647412109375000000e+04
2.657402343750000000e+04
2.667392578125000000e+04
2.677382812500000000e+04
2.687373046875000000e+04
2.697363281250000000e+04
2.707353515625000000e+04
2.717343750000000000e+04
2.727333984375000000e+04
2.737324218750000000e+04
2.747314453125000000e+04
2.757304687500000000e+04
2.767294921875000000e+04
2.777285156250000000e+04
2.787275390625000000e+04
2.797265625000000000e+04
2.807255859375000000e+04
2.817246093750000000e+04
2.827236328125000000e+04
2.837226562500000000e+04
2.847216796875000000e+04
2.857207031250000000e+04
2.867197265625000000e+04
2.877187500000000000e+04
2.887177734375000000e+04
2.897167968750000000e+04
2.907158203125000000e+04
2.917148437500000000e+04
2.927138671875000000e+04
2.937128906250000000e+04
2.947119140625000000e+04
2.957109375000000000e+04
2.967099609375000000e+04
2.977089843750000000e+04
2.987080078125000000e+04
2.997070312500000000e+04
3.007060546875000000e+04
3.017050781250000000e+04
3.027041015625000000e+04
3.037031250000000000e+04
3.047021484375000000e+04
3.057011718750000000e+04
3.067001953125000000e+04
3.076992187500000000e+04
3.086982421875000000e+04
3.096972656250000000e+04
3.106962890625000000e+04
3.116953125000000000e+04
3.126943359375000000e+04
3.136933593750000000e+04
3.146923828125000000e+04
3.156914062500000000e+04
3.166904296875000000e+04
3.176894531250000000e+04
3.186884765625000000e+04
3.196875000000000000e+04
3.206865234375000000e+04
3.216855468750000000e+04
3.226845703125000000e+04
3.236835937500000000e+04
3.246826171875000000e+04
3.256816406250000000e+04
3.266806640625000000e+04
3.276796875000000000e+04
3.286787109375000000e+04
3.296777343750000000e+04
3.306767578125000000e+04
3.316757812500000000e+04
3.326748046875000000e+04
3.336738281250000000e+04
3.346728515625000000e+04
3.356718750000000000e+04
3.366708984375000000e+04
3.376699218750000000e+04
3.386689453125000000e+04
3.396679687500000000e+04
3.406669921875000000e+04
3.416660156250000000e+04
3.426650390625000000e+04
3.436640625000000000e+04
3.446630859375000000e+04
3.456621093750000000e+04
3.466611328125000000e+04
3.476601562500000000e+04
3.486591796875000000e+04
3.496582031250000000e+04
3.506572265625000000e+04
3.516562500000000000e+04
3.526552734375000000e+04
3.536542968750000000e+04
3.546533203125000000e+04
3.556523437500000000e+04
3.566513671875000000e+04
3.576503906250000000e+04
3.586494140625000000e+04
3.596484375000000000e+04
3.606474609375000000e+04
3.616464843750000000e+04
3.626455078125000000e+04
3.636445312500000000e+04
3.646435546875000000e+04
3.656425781250000000e+04
3.666416015625000000e+04
3.676406250000000000e+04
3.686396484375000000e+04
3.696386718750000000e+04
3.706376953125000000e+04
3.716367187500000000e+04
3.726357421875000000e+04
3.736347656250000000e+04
3.746337890625000000e+04
3.756328125000000000e+04
3.766318359375000000e+04
3.776308593750000000e+04
3.786298828125000000e+04
3.796289062500000000e+04
3.806279296875000000e+04
3.816269531250000000e+04
3.826259765625000000e+04
3.836250000000000000e+04
3.846240234375000000e+04
3.856230468750000000e+04
3.866220703125000000e+04
3.876210937500000000e+04
3.886201171875000000e+04
3.896191406250000000e+04
3.906181640625000000e+04
3.916171875000000000e+04
3.926162109375000000e+04
3.936152343750000000e+04
3.946142578125000000e+04
3.956132812500000000e+04
3.966123046875000000e+04
3.976113281250000000e+04
3.986103515625000000e+04
3.996093750000000000e+04
4.006083984375000000e+04
4.016074218750000000e+04
4.026064453125000000e+04
4.036054687500000000e+04
4.046044921875000000e+04
4.056035156250000000e+04
4.066025390625000000e+04
4.076015625000000000e+04
4.086005859375000000e+04
4.095996093750000000e+04
4.105986328125000000e+04
4.115976562500000000e+04
4.125966796875000000e+04
4.135957031250000000e+04
4.145947265625000000e+04
4.155937500000000000e+04
4.165927734375000000e+04
4.175917968750000000e+04
4.185908203125000000e+04
4.195898437500000000e+04
4.205888671875000000e+04
4.215878906250000000e+04
4.225869140625000000e+04
4.235859375000000000e+04
4.245849609375000000e+04
4.255839843750000000e+04
4.265830078125000000e+04
4.275820312500000000e+04
4.285810546875000000e+04
4.295800781250000000e+04
4.305791015625000000e+04
4.315781250000000000e+04
4.325771484375000000e+04
4.335761718750000000e+04
4.345751953125000000e+04
4.355742187500000000e+04
4.365732421875000000e+04
4.375722656250000000e+04
4.385712890625000000e+04
4.395703125000000000e+04
4.405693359375000000e+04
4.415683593750000000e+04
4.425673828125000000e+04
4.435664062500000000e+04
4.445654296875000000e+04
4.455644531250000000e+04
4.465634765625000000e+04
4.475625000000000000e+04
4.485615234375000000e+04
4.495605468750000000e+04
4.505595703125000000e+04
4.515585937500000000e+04
4.525576171875000000e+04
4.535566406250000000e+04
4.545556640625000000e+04
4.555546875000000000e+04
4.565537109375000000e+04
4.575527343750000000e+04
4.585517578125000000e+04
4.595507812500000000e+04
4.605498046875000000e+04
4.615488281250000000e+04
4.625478515625000000e+04
4.635468750000000000e+04
4.645458984375000000e+04
4.655449218750000000e+04
4.665439453125000000e+04
4.675429687500000000e+04
4.685419921875000000e+04
4.695410156250000000e+04
4.705400390625000000e+04
4.715390625000000000e+04
4.725380859375000000e+04
4.735371093750000000e+04
4.745361328125000000e+04
4.755351562500000000e+04
4.765341796875000000e+04
4.775332031250000000e+04
4.785322265625000000e+04
4.795312500000000000e+04
4.805302734375000000e+04
4.815292968750000000e+04
4.825283203125000000e+04
4.835273437500000000e+04
4.845263671875000000e+04
4.855253906250000000e+04
4.865244140625000000e+04
4.875234375000000000e+04
4.885224609375000000e+04
4.895214843750000000e+04
4.905205078125000000e+04
4.915195312500000000e+04
4.925185546875000000e+04
4.935175781250000000e+04
4.945166015625000000e+04
4.955156250000000000e+04
4.965146484375000000e+04
4.975136718750000000e+04
4.985126953125000000e+04
4.995117187500000000e+04
5.005107421875000000e+04
5.015097656250000000e+04
5.025087890625000000e+04
5.035078125000000000e+04
5.045068359375000000e+04
5.055058593750000000e+04
5.065048828125000000e+04
5.075039062500000000e+04
5.085029296875000000e+04
5.095019531250000000e+04
5.105009765625000000e+04
-5.115000000000000000e+04
-5.105009765625000000e+04
-5.095019531250000000e+04
-5.085029296875000000e+04
-5.075039062500000000e+04
-5.065048828125000000e+04
-5.055058593750000000e+04
-5.045068359375000000e+04
-5.035078125000000000e+04
-5.025087890625000000e+04
-5.015097656250000000e+04
-5.005107421875000000e+04
-4.995117187500000000e+04
-4.985126953125000000e+04
-4.975136718750000000e+04
-4.965146484375000000e+04
-4.955156250000000000e+04
-4.945166015625000000e+04
-4.935175781250000000e+04
-4.925185546875000000e+04
-4.915195312500000000e+04
-4.905205078125000000e+04
-4.895214843750000000e+04
-4.885224609375000000e+04
-4.875234375000000000e+04
-4.865244140625000000e+04
-4.855253906250000000e+04
-4.845263671875000000e+04
-4.835273437500000000e+04
-4.825283203125000000e+04
-4.815292968750000000e+04
-4.805302734375000000e+04
-4.795312500000000000e+04
-4.785322265625000000e+04
-4.775332031250000000e+04
-4.765341796875000000e+04
-4.755351562500000000e+04
-4.745361328125000000e+04
-4.735371093750000000e+04
-4.725380859375000000e+04
-4.715390625000000000e+04
-4.705400390625000000e+04
-4.695410156250000000e+04
-4.685419921875000000e+04
-4.675429687500000000e+04
-4.665439453125000000e+04
-4.655449218750000000e+04
-4.645458984375000000e+04
-4.635468750000000000e+04
-4.625478515625000000e+04
-4.615488281250000000e+04
-4.605498046875000000e+04
-4.595507812500000000e+04
-4.585517578125000000e+04
-4.575527343750000000e+04
-4.565537109375000000e+04
-4.555546875000000000e+04
-4.545556640625000000e+04
-4.535566406250000000e+04
-4.525576171875000000e+04
-4.515585937500000000e+04
-4.505595703125000000e+04
-4.495605468750000000e+04
-4.485615234375000000e+04
-4.475625000000000000e+04
-4.465634765625000000e+04
-4.455644531250000000e+04
-4.445654296875000000e+04
-4.435664062500000000e+04
-4.425673828125000000e+04
-4.415683593750000000e+04
-4.405693359375000000e+04
-4.395703125000000000e+04
-4.385712890625000000e+04
-4.375722656250000000e+04
-4.365732421875000000e+04
-4.355742187500000000e+04
-4.345751953125000000e+04
-4.335761718750000000e+04
-4.325771484375000000e+04
-4.315781250000000000e+04
-4.305791015625000000e+04
-4.295800781250000000e+04
-4.285810546875000000e+04
-4.275820312500000000e+04
-4.265830078125000000e+04
-4.255839843750000000e+04
-4.245849609375000000e+04
-4.235859375000000000e+04
-4.225869140625000000e+04
-4.215878906250000000e+04
-4.205888671875000000e+04
-4.195898437500000000e+04
-4.185908203125000000e+04
-4.175917968750000000e+04
-4.165927734375000000e+04
-4.155937500000000000e+04
-4.145947265625000000e+04
-4.135957031250000000e+04
-4.125966796875000000e+04
-4.115976562500000000e+04
-4.105986328125000000e+04
-4.095996093750000000e+04
-4.086005859375000000e+04
-4.076015625000000000e+04
-4.066025390625000000e+04
-4.056035156250000000e+04
-4.046044921875000000e+04
-4.036054687500000000e+04
-4.026064453125000000e+04
-4.016074218750000000e+04
-4.006083984375000000e+04
-3.996093750000000000e+04
-3.986103515625000000e+04
-3.976113281250000000e+04
-3.966123046875000000e+04
-3.956132812500000000e+04
-3.946142578125000000e+04
-3.936152343750000000e+04
-3.926162109375000000e+04
-3.916171875000000000e+04
-3.906181640625000000e+04
-3.896191406250000000e+04
-3.886201171875000000e+04
-3.876210937500000000e+04
-3.866220703125000000e+04
-3.856230468750000000e+04
-3.846240234375000000e+04
-3.836250000000000000e+04
-3.826259765625000000e+04
-3.816269531250000000e+04
-3.806279296875000000e+04
-3.796289062500000000e+04
-3.786298828125000000e+04
-3.776308593750000000e+04
-3.766318359375000000e+04
-3.756328125000000000e+04
-3.746337890625000000e+04
-3.736347656250000000e+04
-3.726357421875000000e+04
-3.716367187500000000e+04
-3.706376953125000000e+04
-3.696386718750000000e+04
-3.686396484375000000e+04
-3.676406250000000000e+04
-3.666416015625000000e+04
-3.656425781250000000e+04
-3.646435546875000000e+04
-3.636445312500000000e+04
-3.626455078125000000e+04
-3.616464843750000000e+04
-3.606474609375000000e+04
-3.596484375000000000e+04
-3.586494140625000000e+04
-3.576503906250000000e+04
-3.566513671875000000e+04
-3.556523437500000000e+04
-3.546533203125000000e+04
-3.536542968750000000e+04
-3.526552734375000000e+04
-3.516562500000000000e+04
-3.506572265625000000e+04
-3.496582031250000000e+04
-3.486591796875000000e+04
-3.476601562500000000e+04
-3.466611328125000000e+04
-3.456621093750000000e+04
-3.446630859375000000e+04
-3.436640625000000000e+04
-3.426650390625000000e+04
-3.416660156250000000e+04
-3.406669921875000000e+04
-3.396679687500000000e+04
-3.386689453125000000e+04
-3.376699218750000000e+04
-3.366708984375000000e+04
-3.356718750000000000e+04
-3.346728515625000000e+04
-3.336738281250000000e+04
-3.326748046875000000e+04
-3.316757812500000000e+04
-3.306767578125000000e+04
-3.296777343750000000e+04
-3.286787109375000000e+04
-3.276796875000000000e+04
-3.266806640625000000e+04
-3.256816406250000000e+04
-3.246826171875000000e+04
-3.236835937500000000e+04
-3.226845703125000000e+04
-3.216855468750000000e+04
-3.206865234375000000e+04
-3.196875000000000000e+04
-3.186884765625000000e+04
-3.176894531250000000e+04
-3.166904296875000000e+04
-3.156914062500000000e+04
-3.146923828125000000e+04
-3.136933593750000000e+04
-3.126943359375000000e+04
-3.116953125000000000e+04
-3.106962890625000000e+04
-3.096972656250000000e+04
-3.086982421875000000e+04
-3.076992187500000000e+04
-3.067001953125000000e+04
-3.057011718750000000e+04
-3.047021484375000000e+04
-3.037031250000000000e+04
-3.027041015625000000e+04
-3.017050781250000000e+04
-3.007060546875000000e+04
-2.997070312500000000e+04
-2.987080078125000000e+04
-2.977089843750000000e+04
-2.967099609375000000e+04
-2.957109375000000000e+04
-2.947119140625000000e+04
-2.937128906250000000e+04
-2.927138671875000000e+04
-2.917148437500000000e+04
-2.907158203125000000e+04
-2.897167968750000000e+04
-2.887177734375000000e+04
-2.877187500000000000e+04
-2.867197265625000000e+04
-2.857207031250000000e+04
-2.847216796875000000e+04
-2.837226562500000000e+04
-2.827236328125000000e+04
-2.817246093750000000e+04
-2.807255859375000000e+04
-2.797265625000000000e+04
-2.787275390625000000e+04
-2.777285156250000000e+04
-2.767294921875000000e+04
-2.757304687500000000e+04
-2.747314453125000000e+04
-2.737324218750000000e+04
-2.727333984375000000e+04
-2.717343750000000000e+04
-2.707353515625000000e+04
-2.697363281250000000e+04
-2.687373046875000000e+04
-2.677382812500000000e+04
-2.667392578125000000e+04
-2.657402343750000000e+04
-2.647412109375000000e+04
-2.637421875000000000e+04
-2.627431640625000000e+04
-2.617441406250000000e+04
-2.607451171875000000e+04
-2.597460937500000000e+04
-2.587470703125000000e+04
-2.577480468750000000e+04
-2.567490234375000000e+04
-2.557500000000000000e+04
-2.547509765625000000e+04
-2.537519531250000000e+04
-2.527529296875000000e+04
-2.517539062500000000e+04
-2.507548828125000000e+04
-2.497558593750000000e+04
-2.487568359375000000e+04
-2.477578125000000000e+04
-2.467587890625000000e+04
-2.457597656250000000e+04
-2.447607421875000000e+04
-2.437617187500000000e+04
-2.427626953125000000e+04
-2.417636718750000000e+04
-2.407646484375000000e+04
-2.397656250000000000e+04
-2.387666015625000000e+04
-2.377675781250000000e+04
-2.367685546875000000e+04
-2.357695312500000000e+04
-2.347705078125000000e+04
-2.337714843750000000e+04
-2.327724609375000000e+04
-2.317734375000000000e+04
-2.307744140625000000e+04
-2.297753906250000000e+04
-2.287763671875000000e+04
-2.277773437500000000e+04
-2.267783203125000000e+04
-2.257792968750000000e+04
-2.247802734375000000e+04
-2.237812500000000000e+04
-2.227822265625000000e+04
-2.217832031250000000e+04
-2.207841796875000000e+04
-2.197851562500000000e+04
-2.187861328125000000e+04
-2.177871093750000000e+04
-2.167880859375000000e+04
-2.157890625000000000e+04
-2.147900390625000000e+04
-2.137910156250000000e+04
-2.127919921875000000e+04
-2.117929687500000000e+04
-2.107939453125000000e+04
-2.097949218750000000e+04
-2.087958984375000000e+04
-2.077968750000000000e+04
-2.067978515625000000e+04
-2.057988281250000000e+04
-2.047998046875000000e+04
-2.038007812500000000e+04
-2.028017578125000000e+04
-2.018027343750000000e+04
-2.008037109375000000e+04
-1.998046875000000000e+04
-1.988056640625000000e+04
-1.978066406250000000e+04
-1.968076171875000000e+04
-1.958085937500000000e+04
-1.948095703125000000e+04
-1.938105468750000000e+04
-1.928115234375000000e+04
-1.918125000000000000e+04
-1.908134765625000000e+04
-1.898144531250000000e+04
-1.888154296875000000e+04
-1.878164062500000000e+04
-1.868173828125000000e+04
-1.858183593750000000e+04
-1.848193359375000000e+04
-1.838203125000000000e+04
-1.828212890625000000e+04
-1.818222656250000000e+04
-1.808232421875000000e+04
-1.798242187500000000e+04
-1.788251953125000000e+04
-1.778261718750000000e+04
-1.768271484375000000e+04
-1.758281250000000000e+04
-1.748291015625000000e+04
-1.738300781250000000e+04
-1.728310546875000000e+04
-1.718320312500000000e+04
-1.708330078125000000e+04
-1.698339843750000000e+04
-1.688349609375000000e+04
-1.678359375000000000e+04
-1.668369140625000000e+04
-1.658378906250000000e+04
-1.648388671875000000e+04
-1.638398437500000000e+04
-1.628408203125000000e+04
-1.618417968750000000e+04
-1.608427734375000000e+04
-1.598437500000000000e+04
-1.588447265625000000e+04
-1.578457031250000000e+04
-1.568466796875000000e+04
-1.558476562500000000e+04
-1.548486328125000000e+04
-1.538496093750000000e+04
-1.528505859375000000e+04
-1.518515625000000000e+04
-1.508525390625000000e+04
-1.498535156250000000e+04
-1.488544921875000000e+04
-1.478554687500000000e+04
-1.468564453125000000e+04
-1.458574218750000000e+04
-1.448583984375000000e+04
-1.438593750000000000e+04
-1.428603515625000000e+04
-1.418613281250000000e+04
-1.408623046875000000e+04
-1.398632812500000000e+04
-1.388642578125000000e+04
-1.378652343750000000e+04
-1.368662109375000000e+04
-1.358671875000000000e+04
-1.348681640625000000e+04
-1.338691406250000000e+04
-1.328701171875000000e+04
-1.318710937500000000e+04
-1.308720703125000000e+04
-1.298730468750000000e+04
-1.288740234375000000e+04
-1.278750000000000000e+04
-1.268759765625000000e+04
-1.258769531250000000e+04
-1.248779296875000000e+04
-1.238789062500000000e+04
-1.228798828125000000e+04
-1.218808593750000000e+04
-1.208818359375000000e+04
-1.198828125000000000e+04
-1.188837890625000000e+04
-1.178847656250000000e+04
-1.168857421875000000e+04
-1.158867187500000000e+04
-1.148876953125000000e+04
-1.138886718750000000e+04
-1.128896484375000000e+04
-1.118906250000000000e+04
-1.108916015625000000e+04
-1.098925781250000000e+04
-1.088935546875000000e+04
-1.078945312500000000e+04
-1.068955078125000000e+04
-1.058964843750000000e+04
-1.048974609375000000e+04
-1.038984375000000000e+04
-1.028994140625000000e+04
-1.019003906250000000e+04
-1.009013671875000000e+04
-9.990234375000000000e+03
-9.890332031250000000e+03
-9.790429687500000000e+03
-9.690527343750000000e+03
-9.590625000000000000e+03
-9.490722656250000000e+03
-9.390820312500000000e+03
-9.290917968750000000e+03
-9.191015625000000000e+03
-9.091113281250000000e+03
-8.991210937500000000e+03
-8.891308593750000000e+03
-8.791406250000000000e+03
-8.691503906250000000e+03
-8.591601562500000000e+03
-8.491699218750000000e+03
-8.391796875000000000e+03
-8.291894531250000000e+03
-8.191992187500000000e+03
-8.092089843750000000e+03
-7.992187500000000000e+03
-7.892285156250000000e+03
-7.792382812500000000e+03
-7.692480468750000000e+03
-7.592578125000000000e+03
-7.492675781250000000e+03
-7.392773437500000000e+03
-7.292871093750000000e+03
-7.192968750000000000e+03
-7.093066406250000000e+03
-6.993164062500000000e+03
-6.893261718750000000e+03
-6.793359375000000000e+03
-6.693457031250000000e+03
-6.593554687500000000e+03
-6.493652343750000000e+03
-6.393750000000000000e+03
-6.293847656250000000e+03
-6.193945312500000000e+03
-6.094042968750000000e+03
-5.994140625000000000e+03
-5.894238281250000000e+03
-5.794335937500000000e+03
-5.694433593750000000e+03
-5.594531250000000000e+03
-5.494628906250000000e+03
-5.394726562500000000e+03
-5.294824218750000000e+03
-5.194921875000000000e+03
-5.095019531250000000e+03
-4.995117187500000000e+03
-4.895214843750000000e+03
-4.795312500000000000e+03
-4.695410156250000000e+03
-4.595507812500000000e+03
-4.495605468750000000e+03
-4.395703125000000000e+03
-4.295800781250000000e+03
-4.195898437500000000e+03
-4.095996093750000000e+03
-3.996093750000000000e+03
-3.896191406250000000e+03
-3.796289062500000000e+03
-3.696386718750000000e+03
-3.596484375000000000e+03
-3.496582031250000000e+03
-3.396679687500000000e+03
-3.296777343750000000e+03
-3.196875000000000000e+03
-3.096972656250000000e+03
-2.997070312500000000e+03
-2.897167968750000000e+03
-2.797265625000000000e+03
-2.697363281250000000e+03
-2.597460937500000000e+03
-2.497558593750000000e+03
-2.397656250000000000e+03
-2.297753906250000000e+03
-2.197851562500000000e+03
-2.097949218750000000e+03
-1.998046875000000000e+03
-1.898144531250000000e+03
-1.798242187500000000e+03
-1.698339843750000000e+03
-1.598437500000000000e+03
-1.498535156250000000e+03
-1.398632812500000000e+03
-1.298730468750000000e+03
-1.198828125000000000e+03
-1.098925781250000000e+03
-9.990234375000000000e+02
-8.991210937500000000e+02
-7.992187500000000000e+02
-6.993164062500000000e+02
-5.994140625000000000e+02
-4.995117187500000000e+02
-3.996093750000000000e+02
-2.997070312500000000e+02
-1.998046875000000000e+02
-9.990234375000000000e+01
