6.303461004876953488e-01
9.403300373346141772e-01
2.316769523221267613e-01
1.764187911158656141e-01
1.228514571964562929e-01
7.742385589910052990e-02
5.168235786671243615e-02
4.497237397462944958e-02
4.147334224305739003e-02
3.385344643992174718e-02
2.516457910317641128e-02
2.080194292206481027e-02
2.032389129409837084e-02
1.901153169988529720e-02
1.573393446138103210e-02
1.277953543435635282e-02
1.211615304922542512e-02
1.217768497165122241e-02
1.110165452472192636e-02
9.287157242584663172e-03
8.333766816225062629e-03
8.469879629743125304e-03
8.324886803426339438e-03
7.380010425109110456e-03
6.428895544695926827e-03
6.294993521906478567e-03
6.452776418682547310e-03
6.104208814248593754e-03
5.376440727697192994e-03
5.000049405569959027e-03
5.126201384597517396e-03
5.121006079709540179e-03
4.694315476416289351e-03
4.236973403089387170e-03
4.192949593244101048e-03
4.314583716980609739e-03
4.158040233617415343e-03
3.771340236977191104e-03
3.567578033058652672e-03
3.656227706051322184e-03
3.678558191688441337e-03
3.442001924963538143e-03
3.171059682559592124e-03
3.146673278677409712e-03
3.236468142770748506e-03
3.155464415755836194e-03
2.916849139750365798e-03
2.783947924156135890e-03
2.844797699648348843e-03
2.873135210726253039e-03
2.726765794043578203e-03
2.545327303515391212e-03
2.525322366706255622e-03
2.593005379752042969e-03
2.548834635418177532e-03
2.387828636466163886e-03
2.290718988671323376e-03
2.332600041549751264e-03
2.361319011662735626e-03
2.264754194823216053e-03
2.133483899912364500e-03
2.114123821366266972e-03
2.166380050584980517e-03
2.142581414461793617e-03
2.027529523231855983e-03
1.951349191897193240e-03
1.980118003946694429e-03
2.007470997986863636e-03
1.941275191758655731e-03
1.841302973280154994e-03
1.821750630170907445e-03
1.862848507765215138e-03
1.851234750050407413e-03
1.765806954482507327e-03
1.703251894182968365e-03
1.722696592410400806e-03
1.748114398433467907e-03
1.701756284590034713e-03
1.622889340962545713e-03
1.603095589715464305e-03
1.635814219440339789e-03
1.631856434066359350e-03
1.566749638121929522e-03
1.513808101451024398e-03
1.526434583654404662e-03
1.549762679827775989e-03
1.517026056325436380e-03
1.453248975110640754e-03
1.433366459765800238e-03
1.459583069370123118e-03
1.460577276581757076e-03
1.410080931450345861e-03
1.364350876605635804e-03
1.371871274307490986e-03
1.393115229955800604e-03
1.370084998274336821e-03
1.317596019602508941e-03
1.297807370239620209e-03
1.318839336078801543e-03
1.323076298140643970e-03
1.283474329334905210e-03
1.243415647982037487e-03
1.247038664663458613e-03
1.266267998152608050e-03
1.250349748794796776e-03
1.206611212229284939e-03
1.187080485512015220e-03
1.203885793732837294e-03
1.210236110200915401e-03
1.178994384461647896e-03
1.143563069012723055e-03
1.144168354195108234e-03
1.161477426810095899e-03
1.150879273169940929e-03
1.114120311229854082e-03
1.094982893570046719e-03
1.108280911218601124e-03
1.115971838989079489e-03
1.091293915771835875e-03
1.059748905264107062e-03
1.057994759185283467e-03
1.073485727512927829e-03
1.066927388483289874e-03
1.035865212777801851e-03
1.017229199040186596e-03
1.027575711026570493e-03
1.036063554373542125e-03
1.016633932132031577e-03
9.884284715653132367e-04
9.848196950332959495e-04
9.985950902157085095e-04
9.951351247952401873e-04
9.688106898160249014e-04
9.507612568233610260e-04
9.585968497062446374e-04
9.674904484824514749e-04
9.523185875334112035e-04
9.270355571631915502e-04
9.219679158035540755e-04
9.341275168998051676e-04
9.330566149923037516e-04
9.107329918649019864e-04
8.933367394999221266e-04
8.990185909178434291e-04
9.080317321374906147e-04
8.963535488636768540e-04
8.736653427733646286e-04
8.674553844026341217e-04
8.780949119655960837e-04
8.788670577445632272e-04
8.599645203551880375e-04
8.432731561397278442e-04
8.470968090859983760e-04
8.560171290241953401e-04
8.472306508058473958e-04
8.268733921771788571e-04
8.197784965530650067e-04
8.289895053351486456e-04
8.311770056618026249e-04
8.152294276191696717e-04
7.992826613163501060e-04
8.014970558553482062e-04
8.101659980425131692e-04
8.037879848169523058e-04
7.855441223558421457e-04
7.777768131462252550e-04
7.856467382130674767e-04
7.889090689315076017e-04
7.755346303700319218e-04
7.603626022852054281e-04
7.611808192121683435e-04
7.694792344762583928e-04
7.651154446837404822e-04
7.488017756265667735e-04
7.405398601782129655e-04
7.471524128450584374e-04
7.512148991941789084e-04
7.400954808096192996e-04
7.257203195894558218e-04
7.253272551987090646e-04
7.331662418835612968e-04
7.304899026598736782e-04
7.159493653871893759e-04
7.073431919649872347e-04
7.127787686698507097e-04
7.174172192577603097e-04
7.082836145792367668e-04
6.947208682072214102e-04
6.932789312006048784e-04
7.005924318018722429e-04
6.993295010980422367e-04
6.864250290293076595e-04
6.776029182401163437e-04
6.819389996750800089e-04
6.869686537771182034e-04
6.795899002145138010e-04
6.668494854885246648e-04
6.645029306962512696e-04
6.712430223928547929e-04
6.711607637359523742e-04
6.597709572949543057e-04
6.508432923837674956e-04
6.541545973302091655e-04
6.594222108996668739e-04
6.535975660715228914e-04
6.416845067979353280e-04
6.385625636233299360e-04
6.446958347457948726e-04
6.455944895568303896e-04
6.356102783596334063e-04
6.266724770547473693e-04
6.290314736286913358e-04
6.344089913027045700e-04
6.299620780535408141e-04
6.188771953953225253e-04
6.150964920877566994e-04
6.206011950847172909e-04
6.223079963596654576e-04
6.136300101600462983e-04
6.047649852206982493e-04
6.062420647407252595e-04
6.116221202573429629e-04
6.083962880833323431e-04
5.981367309437205697e-04
5.938032480228922156e-04
5.986671182902857623e-04
6.010312684552711684e-04
5.935681573095602818e-04
5.848480836113130856e-04
5.855116723208378220e-04
5.908041905758146814e-04
5.886590933289671162e-04
5.792184912629203680e-04
5.744290771716762745e-04
5.786479767561443412e-04
5.815369991382658395e-04
5.752038334287573650e-04
5.666915881505794807e-04
5.666083861046265898e-04
5.717376754787050928e-04
5.705465762988702876e-04
5.619155735313503038e-04
5.567589817256566849e-04
5.603354653467120319e-04
5.636324511136261636e-04
5.583495723151337374e-04
5.500998869503709700e-04
5.493349111102636875e-04
5.542376613263836965e-04
5.538852398547796469e-04
5.460516413776160365e-04
5.406095277425643306e-04
5.435518997907221560e-04
5.471531301797606184e-04
5.428452791127041108e-04
5.349057078474409423e-04
5.335224116204080385e-04
5.381459308201892288e-04
5.385266020028938241e-04
5.314756982864514510e-04
5.258232688695660666e-04
5.281447817912562209e-04
5.319579874434468905e-04
5.285536348336469879e-04
5.209651834976402295e-04
5.190254259166143672e-04
5.233262497170872423e-04
5.243429532053989596e-04
5.180575512838058675e-04
5.122643272438447744e-04
5.139824544366849643e-04
5.179254034592306773e-04
5.153560524307573441e-04
5.081539823918537497e-04
5.057181436478096290e-04
5.096610906205374528e-04
5.112240271101082222e-04
5.056847235936403609e-04
4.998148142114485978e-04
5.009507501145829761e-04
5.049500709252631621e-04
5.031499763316739718e-04
4.963640798582785252e-04
4.934909846705008100e-04
4.970480419538774808e-04
4.990740284997721623e-04
4.942594406221829852e-04
4.883719623126627461e-04
4.889501490950153451e-04
4.929403307749928792e-04
4.918461374217463931e-04
4.855013427924497523e-04
4.822482722167921389e-04
4.853979472441855838e-04
4.878096278221164157e-04
4.836963254310519371e-04
4.778458334831063884e-04
4.778934397845835467e-04
4.818162738344357408e-04
4.813666605870172148e-04
4.754833061817644187e-04
4.719059648055699656e-04
4.746327192411813750e-04
4.773580256323552802e-04
4.739207628363616403e-04
4.681573580782483917e-04
4.677041313104358250e-04
4.715078378832657235e-04
4.716433402300401561e-04
4.662375512424131951e-04
4.623899958792331987e-04
4.646836252509578026e-04
4.676553270998008390e-04
4.648672631384065650e-04
4.592369841849886251e-04
4.583145698007131535e-04
4.619534431104466371e-04
4.626163835654712180e-04
4.577003444179584667e-04
4.536348953598637389e-04
4.554900810353688088e-04
4.586454767531068658e-04
4.564781134673181313e-04
4.510229732381530786e-04
4.496648761525257575e-04
4.530989022480533734e-04
4.542331916270111471e-04
4.498152838305943921e-04
4.455826126755356616e-04
4.469984631876877950e-04
4.502791008634308783e-04
4.487025185668805588e-04
4.434607245014706030e-04
4.417020155076377972e-04
4.448962387159879125e-04
4.464474081492292475e-04
4.425325261639674146e-04
4.381813940716154524e-04
4.391612137860086769e-04
4.425126507013397558e-04
4.414956073138657285e-04
4.365016304805074293e-04
4.343785719556717559e-04
4.373031096707694250e-04
4.392180952513911473e-04
4.358078413827397627e-04
4.313851554196335473e-04
4.319360879775626869e-04
4.353076204187532761e-04
4.348176091376921583e-04
4.301024166339804315e-04
4.276523454151679219e-04
4.302819251062335029e-04
4.325091629892155237e-04
4.296019920351608823e-04
4.251527319758612554e-04
4.252852914188729925e-04
4.286300438314392860e-04
4.286334713388296070e-04
4.242244907582129400e-04
4.214854448575392409e-04
4.237992636552042626e-04
4.262887265433370305e-04
4.238800700131446016e-04
4.194472124939292289e-04
4.191751953297449839e-04
4.224497670197613786e-04
4.229120425185469031e-04
4.188334142638050830e-04
4.158439740248315981e-04
4.178254188975981734e-04
4.205286126451471609e-04
4.186110650247733202e-04
4.142354951042797251e-04
4.135756225367732812e-04
4.167400952042176355e-04
4.176258712205297742e-04
4.138983409669054264e-04
4.106974770108338425e-04
4.123339906877521274e-04
4.152038965404789028e-04
4.137674625317016306e-04
4.094879088147697962e-04
4.084595546278838355e-04
4.114776260449334411e-04
4.127505805037253611e-04
4.093917328728525172e-04
4.060185413053669728e-04
4.073014124618642463e-04
4.102926685745720962e-04
4.093247659365263614e-04
4.051777144683665769e-04
4.038028530357397360e-04
4.066414497835718904e-04
4.082647770390725509e-04
4.052890735495784033e-04
4.017825902957379591e-04
4.027068179899451639e-04
4.057757184083788304e-04
4.052613133045308326e-04
4.012810616310309221e-04
3.995837572871124800e-04
4.022132402093442295e-04
4.041495875922874580e-04
4.015683563914211368e-04
3.979673663237141942e-04
3.985315155843923286e-04
4.016360943538979872e-04
4.015579031270511486e-04
3.977763882691805544e-04
3.957828593390796176e-04
3.981768049464421062e-04
4.003884684734751844e-04
3.982101663243177328e-04
3.945530339583481929e-04
3.947590396669776623e-04
3.978590703333976619e-04
3.981977520848416522e-04
3.946445426022711497e-04
3.923826178289575211e-04
3.945180689716574931e-04
3.969670599746349818e-04
3.951970897450399764e-04
3.915216079430571504e-04
3.913746686957617917e-04
3.944319776974962509e-04
3.951660138100615105e-04
3.918682369404222210e-04
3.893674880697235805e-04
3.912246235468666133e-04
3.938728905906880825e-04
3.925138793784943266e-04
3.888570568289606393e-04
3.883654417467083853e-04
3.913436948293162049e-04
3.924498426304423191e-04
3.894322050150211215e-04
3.867235140048715472e-04
3.882858553795143848e-04
3.910953430525270272e-04
3.901470256145832391e-04
3.865450616517560403e-04
3.857200079768534308e-04
3.885849710090278275e-04
3.900382031465475388e-04
3.873228994732761375e-04
3.844382602240453499e-04
3.856925349903361907e-04
3.886253906200401930e-04
3.880848978021552852e-04
3.845728017312945971e-04
3.834283789354341401e-04
3.861480262952678871e-04
3.879215853740980457e-04
3.855282788476655518e-04
3.825008050456102805e-04
3.834369676425245042e-04
3.864557079048603402e-04
3.863173404097027127e-04
3.829290156932971451e-04
3.814819514089824422e-04
3.840265003608688259e-04
3.860922202533741219e-04
3.840380317734178929e-04
3.809014172420907085e-04
3.815126570186632457e-04
3.845801415912334016e-04
3.848358174164273355e-04
3.816037694107834023e-04
3.798732692522364192e-04
3.822153417681015976e-04
3.845436905636109002e-04
3.828430925664469192e-04
3.796318214264732933e-04
3.799143798619054619e-04
3.829941703783540569e-04
3.836331416592862211e-04
3.805885100510235613e-04
3.785961293997696319e-04
3.807107168725173268e-04
3.832709558143918894e-04
3.819359180528105521e-04
3.786846960249406536e-04
3.786380487767661979e-04
3.816944746344082414e-04
3.827036011737366310e-04
3.798758383339590600e-04
3.776453969669813881e-04
3.795100771867956956e-04
3.822703929325330660e-04
3.813101426496844841e-04
3.780539707046190554e-04
3.776806889765036996e-04
3.806789995446321385e-04
3.820427753218800745e-04
3.794597459219864639e-04
3.770170004291992639e-04
3.786119673497007196e-04
3.815395599117087067e-04
3.809607873954741920e-04
3.777347140871797535e-04
3.770403038932244226e-04
3.799468821786395299e-04
3.816475283828334045e-04
3.793351900020378248e-04
3.767079353628198556e-04
3.780160414162671788e-04
3.810774564705820470e-04
3.808840827613336013e-04
3.777230401759364728e-04
3.767160176240238524e-04
3.794984662527868991e-04
3.815160228515246388e-04
3.794984662527868991e-04
3.767160176240238524e-04
3.777230401759364728e-04
3.808840827613336013e-04
3.810774564705820470e-04
3.780160414162671788e-04
3.767079353628198556e-04
3.793351900020378248e-04
3.816475283828334045e-04
3.799468821786395299e-04
3.770403038932244226e-04
3.777347140871797535e-04
3.809607873954741920e-04
3.815395599117087067e-04
3.786119673497007196e-04
3.770170004291992639e-04
3.794597459219864639e-04
3.820427753218800745e-04
3.806789995446321385e-04
3.776806889765036996e-04
3.780539707046190554e-04
3.813101426496844841e-04
3.822703929325330660e-04
3.795100771867956956e-04
3.776453969669813881e-04
3.798758383339590600e-04
3.827036011737366310e-04
3.816944746344082414e-04
3.786380487767661979e-04
3.786846960249406536e-04
3.819359180528105521e-04
3.832709558143918894e-04
3.807107168725173268e-04
3.785961293997696319e-04
3.805885100510235613e-04
3.836331416592862211e-04
3.829941703783540569e-04
3.799143798619054619e-04
3.796318214264732933e-04
3.828430925664469192e-04
3.845436905636109002e-04
3.822153417681015976e-04
3.798732692522364192e-04
3.816037694107834023e-04
3.848358174164273355e-04
3.845801415912334016e-04
3.815126570186632457e-04
3.809014172420907085e-04
3.840380317734178929e-04
3.860922202533741219e-04
3.840265003608688259e-04
3.814819514089824422e-04
3.829290156932971451e-04
3.863173404097027127e-04
3.864557079048603402e-04
3.834369676425245042e-04
3.825008050456102805e-04
3.855282788476655518e-04
3.879215853740980457e-04
3.861480262952678871e-04
3.834283789354341401e-04
3.845728017312945971e-04
3.880848978021552852e-04
3.886253906200401930e-04
3.856925349903361907e-04
3.844382602240453499e-04
3.873228994732761375e-04
3.900382031465475388e-04
3.885849710090278275e-04
3.857200079768534308e-04
3.865450616517560403e-04
3.901470256145832391e-04
3.910953430525270272e-04
3.882858553795143848e-04
3.867235140048715472e-04
3.894322050150211215e-04
3.924498426304423191e-04
3.913436948293162049e-04
3.883654417467083853e-04
3.888570568289606393e-04
3.925138793784943266e-04
3.938728905906880825e-04
3.912246235468666133e-04
3.893674880697235805e-04
3.918682369404222210e-04
3.951660138100615105e-04
3.944319776974962509e-04
3.913746686957617917e-04
3.915216079430571504e-04
3.951970897450399764e-04
3.969670599746349818e-04
3.945180689716574931e-04
3.923826178289575211e-04
3.946445426022711497e-04
3.981977520848416522e-04
3.978590703333976619e-04
3.947590396669776623e-04
3.945530339583481929e-04
3.982101663243177328e-04
4.003884684734751844e-04
3.981768049464421062e-04
3.957828593390796176e-04
3.977763882691805544e-04
4.015579031270511486e-04
4.016360943538979872e-04
3.985315155843923286e-04
3.979673663237141942e-04
4.015683563914211368e-04
4.041495875922874580e-04
4.022132402093442295e-04
3.995837572871124800e-04
4.012810616310309221e-04
4.052613133045308326e-04
4.057757184083788304e-04
4.027068179899451639e-04
4.017825902957379591e-04
4.052890735495784033e-04
4.082647770390725509e-04
4.066414497835718904e-04
4.038028530357397360e-04
4.051777144683665769e-04
4.093247659365263614e-04
4.102926685745720962e-04
4.073014124618642463e-04
4.060185413053669728e-04
4.093917328728525172e-04
4.127505805037253611e-04
4.114776260449334411e-04
4.084595546278838355e-04
4.094879088147697962e-04
4.137674625317016306e-04
4.152038965404789028e-04
4.123339906877521274e-04
4.106974770108338425e-04
4.138983409669054264e-04
4.176258712205297742e-04
4.167400952042176355e-04
4.135756225367732812e-04
4.142354951042797251e-04
4.186110650247733202e-04
4.205286126451471609e-04
4.178254188975981734e-04
4.158439740248315981e-04
4.188334142638050830e-04
4.229120425185469031e-04
4.224497670197613786e-04
4.191751953297449839e-04
4.194472124939292289e-04
4.238800700131446016e-04
4.262887265433370305e-04
4.237992636552042626e-04
4.214854448575392409e-04
4.242244907582129400e-04
4.286334713388296070e-04
4.286300438314392860e-04
4.252852914188729925e-04
4.251527319758612554e-04
4.296019920351608823e-04
4.325091629892155237e-04
4.302819251062335029e-04
4.276523454151679219e-04
4.301024166339804315e-04
4.348176091376921583e-04
4.353076204187532761e-04
4.319360879775626869e-04
4.313851554196335473e-04
4.358078413827397627e-04
4.392180952513911473e-04
4.373031096707694250e-04
4.343785719556717559e-04
4.365016304805074293e-04
4.414956073138657285e-04
4.425126507013397558e-04
4.391612137860086769e-04
4.381813940716154524e-04
4.425325261639674146e-04
4.464474081492292475e-04
4.448962387159879125e-04
4.417020155076377972e-04
4.434607245014706030e-04
4.487025185668805588e-04
4.502791008634308783e-04
4.469984631876877950e-04
4.455826126755356616e-04
4.498152838305943921e-04
4.542331916270111471e-04
4.530989022480533734e-04
4.496648761525257575e-04
4.510229732381530786e-04
4.564781134673181313e-04
4.586454767531068658e-04
4.554900810353688088e-04
4.536348953598637389e-04
4.577003444179584667e-04
4.626163835654712180e-04
4.619534431104466371e-04
4.583145698007131535e-04
4.592369841849886251e-04
4.648672631384065650e-04
4.676553270998008390e-04
4.646836252509578026e-04
4.623899958792331987e-04
4.662375512424131951e-04
4.716433402300401561e-04
4.715078378832657235e-04
4.677041313104358250e-04
4.681573580782483917e-04
4.739207628363616403e-04
4.773580256323552802e-04
4.746327192411813750e-04
4.719059648055699656e-04
4.754833061817644187e-04
4.813666605870172148e-04
4.818162738344357408e-04
4.778934397845835467e-04
4.778458334831063884e-04
4.836963254310519371e-04
4.878096278221164157e-04
4.853979472441855838e-04
4.822482722167921389e-04
4.855013427924497523e-04
4.918461374217463931e-04
4.929403307749928792e-04
4.889501490950153451e-04
4.883719623126627461e-04
4.942594406221829852e-04
4.990740284997721623e-04
4.970480419538774808e-04
4.934909846705008100e-04
4.963640798582785252e-04
5.031499763316739718e-04
5.049500709252631621e-04
5.009507501145829761e-04
4.998148142114485978e-04
5.056847235936403609e-04
5.112240271101082222e-04
5.096610906205374528e-04
5.057181436478096290e-04
5.081539823918537497e-04
5.153560524307573441e-04
5.179254034592306773e-04
5.139824544366849643e-04
5.122643272438447744e-04
5.180575512838058675e-04
5.243429532053989596e-04
5.233262497170872423e-04
5.190254259166143672e-04
5.209651834976402295e-04
5.285536348336469879e-04
5.319579874434468905e-04
5.281447817912562209e-04
5.258232688695660666e-04
5.314756982864514510e-04
5.385266020028938241e-04
5.381459308201892288e-04
5.335224116204080385e-04
5.349057078474409423e-04
5.428452791127041108e-04
5.471531301797606184e-04
5.435518997907221560e-04
5.406095277425643306e-04
5.460516413776160365e-04
5.538852398547796469e-04
5.542376613263836965e-04
5.493349111102636875e-04
5.500998869503709700e-04
5.583495723151337374e-04
5.636324511136261636e-04
5.603354653467120319e-04
5.567589817256566849e-04
5.619155735313503038e-04
5.705465762988702876e-04
5.717376754787050928e-04
5.666083861046265898e-04
5.666915881505794807e-04
5.752038334287573650e-04
5.815369991382658395e-04
5.786479767561443412e-04
5.744290771716762745e-04
5.792184912629203680e-04
5.886590933289671162e-04
5.908041905758146814e-04
5.855116723208378220e-04
5.848480836113130856e-04
5.935681573095602818e-04
6.010312684552711684e-04
5.986671182902857623e-04
5.938032480228922156e-04
5.981367309437205697e-04
6.083962880833323431e-04
6.116221202573429629e-04
6.062420647407252595e-04
6.047649852206982493e-04
6.136300101600462983e-04
6.223079963596654576e-04
6.206011950847172909e-04
6.150964920877566994e-04
6.188771953953225253e-04
6.299620780535408141e-04
6.344089913027045700e-04
6.290314736286913358e-04
6.266724770547473693e-04
6.356102783596334063e-04
6.455944895568303896e-04
6.446958347457948726e-04
6.385625636233299360e-04
6.416845067979353280e-04
6.535975660715228914e-04
6.594222108996668739e-04
6.541545973302091655e-04
6.508432923837674956e-04
6.597709572949543057e-04
6.711607637359523742e-04
6.712430223928547929e-04
6.645029306962512696e-04
6.668494854885246648e-04
6.795899002145138010e-04
6.869686537771182034e-04
6.819389996750800089e-04
6.776029182401163437e-04
6.864250290293076595e-04
6.993295010980422367e-04
7.005924318018722429e-04
6.932789312006048784e-04
6.947208682072214102e-04
7.082836145792367668e-04
7.174172192577603097e-04
7.127787686698507097e-04
7.073431919649872347e-04
7.159493653871893759e-04
7.304899026598736782e-04
7.331662418835612968e-04
7.253272551987090646e-04
7.257203195894558218e-04
7.400954808096192996e-04
7.512148991941789084e-04
7.471524128450584374e-04
7.405398601782129655e-04
7.488017756265667735e-04
7.651154446837404822e-04
7.694792344762583928e-04
7.611808192121683435e-04
7.603626022852054281e-04
7.755346303700319218e-04
7.889090689315076017e-04
7.856467382130674767e-04
7.777768131462252550e-04
7.855441223558421457e-04
8.037879848169523058e-04
8.101659980425131692e-04
8.014970558553482062e-04
7.992826613163501060e-04
8.152294276191696717e-04
8.311770056618026249e-04
8.289895053351486456e-04
8.197784965530650067e-04
8.268733921771788571e-04
8.472306508058473958e-04
8.560171290241953401e-04
8.470968090859983760e-04
8.432731561397278442e-04
8.599645203551880375e-04
8.788670577445632272e-04
8.780949119655960837e-04
8.674553844026341217e-04
8.736653427733646286e-04
8.963535488636768540e-04
9.080317321374906147e-04
8.990185909178434291e-04
8.933367394999221266e-04
9.107329918649019864e-04
9.330566149923037516e-04
9.341275168998051676e-04
9.219679158035540755e-04
9.270355571631915502e-04
9.523185875334112035e-04
9.674904484824514749e-04
9.585968497062446374e-04
9.507612568233610260e-04
9.688106898160249014e-04
9.951351247952401873e-04
9.985950902157085095e-04
9.848196950332959495e-04
9.884284715653132367e-04
1.016633932132031577e-03
1.036063554373542125e-03
1.027575711026570493e-03
1.017229199040186596e-03
1.035865212777801851e-03
1.066927388483289874e-03
1.073485727512927829e-03
1.057994759185283467e-03
1.059748905264107062e-03
1.091293915771835875e-03
1.115971838989079489e-03
1.108280911218601124e-03
1.094982893570046719e-03
1.114120311229854082e-03
1.150879273169940929e-03
1.161477426810095899e-03
1.144168354195108234e-03
1.143563069012723055e-03
1.178994384461647896e-03
1.210236110200915401e-03
1.203885793732837294e-03
1.187080485512015220e-03
1.206611212229284939e-03
1.250349748794796776e-03
1.266267998152608050e-03
1.247038664663458613e-03
1.243415647982037487e-03
1.283474329334905210e-03
1.323076298140643970e-03
1.318839336078801543e-03
1.297807370239620209e-03
1.317596019602508941e-03
1.370084998274336821e-03
1.393115229955800604e-03
1.371871274307490986e-03
1.364350876605635804e-03
1.410080931450345861e-03
1.460577276581757076e-03
1.459583069370123118e-03
1.433366459765800238e-03
1.453248975110640754e-03
1.517026056325436380e-03
1.549762679827775989e-03
1.526434583654404662e-03
1.513808101451024398e-03
1.566749638121929522e-03
1.631856434066359350e-03
1.635814219440339789e-03
1.603095589715464305e-03
1.622889340962545713e-03
1.701756284590034713e-03
1.748114398433467907e-03
1.722696592410400806e-03
1.703251894182968365e-03
1.765806954482507327e-03
1.851234750050407413e-03
1.862848507765215138e-03
1.821750630170907445e-03
1.841302973280154994e-03
1.941275191758655731e-03
2.007470997986863636e-03
1.980118003946694429e-03
1.951349191897193240e-03
2.027529523231855983e-03
2.142581414461793617e-03
2.166380050584980517e-03
2.114123821366266972e-03
2.133483899912364500e-03
2.264754194823216053e-03
2.361319011662735626e-03
2.332600041549751264e-03
2.290718988671323376e-03
2.387828636466163886e-03
2.548834635418177532e-03
2.593005379752042969e-03
2.525322366706255622e-03
2.545327303515391212e-03
2.726765794043578203e-03
2.873135210726253039e-03
2.844797699648348843e-03
2.783947924156135890e-03
2.916849139750365798e-03
3.155464415755836194e-03
3.236468142770748506e-03
3.146673278677409712e-03
3.171059682559592124e-03
3.442001924963538143e-03
3.678558191688441337e-03
3.656227706051322184e-03
3.567578033058652672e-03
3.771340236977191104e-03
4.158040233617415343e-03
4.314583716980609739e-03
4.192949593244101048e-03
4.236973403089387170e-03
4.694315476416289351e-03
5.121006079709540179e-03
5.126201384597517396e-03
5.000049405569959027e-03
5.376440727697192994e-03
6.104208814248593754e-03
6.452776418682547310e-03
6.294993521906478567e-03
6.428895544695926827e-03
7.380010425109110456e-03
8.324886803426339438e-03
8.469879629743125304e-03
8.333766816225062629e-03
9.287157242584663172e-03
1.110165452472192636e-02
1.217768497165122241e-02
1.211615304922542512e-02
1.277953543435635282e-02
1.573393446138103210e-02
1.901153169988529720e-02
2.032389129409837084e-02
2.080194292206481027e-02
2.516457910317641128e-02
3.385344643992174718e-02
4.147334224305739003e-02
4.497237397462944958e-02
5.168235786671243615e-02
7.742385589910052990e-02
1.228514571964562929e-01
1.764187911158656141e-01
2.316769523221267613e-01
9.403300373346141772e-01
